Sea level pressure: 1014.71
Altitude readings: 2.86
3.12
3.14
2.99
2.88
2.97
2.85
3.00
3.03
3.00
2.99
Sea level pressure: 1014.64
Altitude readings: 2.94
2.86
2.95
2.94
2.84
2.84
3.08
2.87
3.70
3.83
3.33
1.98
1.99
2.29
3.03
3.04
2.74
Sea level pressure: 1018.94
Altitude readings: 1.25
1.36
1.42
1.47
1.44
1.37
1.49
1.61
1.70
2.25
2.46
2.37
2.73
2.54
2.23
2.56
2.82
2.95
3.29
2.41
3.32
3.25
3.13
2.97
2.86
3.23
3.00
2.95
2.88
2.81
2.80
2.64
2.94
2.96
2.98
2.96
2.86
3.24
3.07
3.01
3.08
2.86
2.78
2.92
3.86
4.16
4.45
4.16
4.44
4.26
3.75
4.01
3.99
3.38
3.11
2.98
2.97
3.13
3.27
3.64
3.85
3.60
3.50
3.49
3.04
3.40
3.78
3.92
3.66
3.79
3.65
3.71
3.81
3.65
3.62
3.92
3.38
4.10
3.40
3.88
3.96
3.98
4.06
4.45
4.28
4.35
4.64
4.92
5.37
5.26
5.58
6.16
6.24
6.11
5.89
6.65
6.19
6.53
6.81
7.02
6.68
7.07
7.11
7.55
6.98
7.30
6.00
5.89
6.02
5.60
5.53
5.14
5.18
4.53
4.39
4.39
4.82
4.27
4.26
3.97
3.66
3.55
3.71
3.68
2.75
3.06
3.82
4.08
3.65
2.84
2.79
2.45
2.64
2.68
3.00
4.14
4.95
3.37
3.61
3.94
3.86
3.62
3.43
3.51
3.51
2.93
3.68
3.05
3.45
3.02
3.22
3.21
3.60
3.39
3.64
3.41
3.24
3.78
3.57
3.09
3.54
3.85
3.62
3.52
3.50
3.37
3.07
2.90
2.78
3.13
3.22
2.64
2.73
2.55
2.36
2.40
2.25
2.37
2.46
2.21
2.16
2.13
2.20
2.21
2.35
2.01
2.20
2.07
1.90
1.94
2.01
2.11
1.93
1.71
2.05
1.88
1.98
1.67
1.84
2.30
2.43
2.18
2.51
2.96
2.84
3.26
2.78
2.50
2.18
1.73
2.07
2.23
2.23
2.10
2.22
2.17
2.22
1.93
2.37
2.59
2.51
2.49
2.45
2.13
2.16
2.12
2.34
2.30
2.23
2.05
2.06
2.02
1.88
1.98
1.86
1.60
1.82
2.07
2.02
2.23
1.93
2.23
2.23
2.25
2.16
2.12
2.01
2.15
2.27
2.30
2.42
2.47
2.53
2.27
2.06
2.17
2.03
1.92
2.05
1.90
2.22
2.10
2.38
2.18
2.03
2.05
1.99
2.31
2.27
2.11
1.90
2.19
1.95
1.88
1.95
1.81
1.69
2.12
1.94
2.69
2.89
2.81
2.17
2.62
2.57
4.07
2.56
3.35
2.40
2.48
2.09
2.25
2.06
2.13
2.16
1.98
2.05
2.05
1.71
1.61
1.94
2.03
2.10
1.64
2.36
2.09
1.84
1.66
1.84
1.79
2.01
1.85
1.90
1.75
2.34
2.43
2.10
2.40
2.76
2.80
3.42
2.75
2.63
2.60
3.05
2.51
2.59
2.52
2.78
2.63
2.73
2.83
2.45
2.18
1.96
1.72
1.96
2.07
2.29
2.13
2.75
2.74
2.73
2.76
2.81
2.97
2.63
3.22
3.15
1.96
2.29
2.14
2.21
2.32
2.11
1.94
1.91
2.28
2.08
1.94
2.14
1.78
1.95
1.88
1.01
1.01
0.96
Sea level pressure: 1019.87
Altitude readings: 2.76
2.81
2.56
2.77
2.83
2.58
2.65
2.84
2.71
2.94
3.92
4.32
4.32
4.13
4.04
4.18
3.91
4.04
4.00
4.17
4.33
4.14
4.12
4.17
4.01
4.06
3.86
4.12
4.16
4.17
4.92
6.25
8.06
9.55
10.99
12.50
13.69
15.42
17.12
18.61
20.00
21.70
23.01
24.65
25.96
27.77
29.21
30.54
32.35
33.87
34.58
34.61
34.55
35.00
34.76
34.76
34.74
34.81
34.84
34.58
34.86
34.70
34.54
34.49
34.59
34.48
34.66
34.44
34.49
34.57
34.63
34.60
34.52
34.47
34.36
34.64
34.80
34.61
34.65
34.59
34.70
34.56
34.56
34.58
34.69
34.55
34.64
34.74
34.72
35.46
36.98
36.89
36.91
37.15
37.52
38.12
38.32
38.39
38.42
38.33
38.34
38.90
38.91
38.90
39.01
38.93
38.83
39.07
39.09
39.02
39.03
39.12
39.09
38.98
38.94
39.05
38.91
39.11
39.06
39.04
38.97
39.21
39.27
39.02
39.23
39.31
39.14
39.26
39.21
39.06
39.50
39.38
39.41
39.49
39.35
39.12
39.20
39.15
39.14
39.40
39.36
